3010.000000 0.011530 0.000606
3020.000000 0.015155 0.000775
3030.000000 0.019492 0.000969
3040.000000 0.022382 0.001122
3050.000000 0.025453 0.001223
3060.000000 0.036100 0.001526
3070.000000 0.049470 0.001882
3080.000000 0.051207 0.001859
3090.000000 0.047491 0.001753
3100.000000 0.060118 0.002148
3110.000000 0.089628 0.003034
3120.000000 0.107163 0.003791
3130.000000 0.109615 0.004189
3140.000000 0.113086 0.004647
3150.000000 0.117569 0.005150
3160.000000 0.114926 0.005426
3170.000000 0.115816 0.005717
3180.000000 0.113529 0.005579
3190.000000 0.105465 0.005139
3200.000000 0.101408 0.005280
3210.000000 0.093657 0.005552
3220.000000 0.081716 0.005450
3230.000000 0.079929 0.005499
3240.000000 0.096168 0.006075
3250.000000 0.128403 0.007308
3260.000000 0.160723 0.008765
3270.000000 0.169568 0.009323
3280.000000 0.169357 0.009574
3290.000000 0.181517 0.010241
3300.000000 0.182638 0.010334
3310.000000 0.160687 0.009866
3320.000000 0.148416 0.009933
3330.000000 0.145700 0.010073
3340.000000 0.137081 0.009606
3350.000000 0.123015 0.008649
3360.000000 0.100924 0.007361
3370.000000 0.083820 0.006728
3380.000000 0.084309 0.007305
3390.000000 0.093852 0.008379
3400.000000 0.100302 0.009288
3410.000000 0.097147 0.009384
3420.000000 0.096005 0.009165
3430.000000 0.093844 0.008480
3440.000000 0.084059 0.007213
3450.000000 0.086701 0.007233
3460.000000 0.096172 0.007898
3470.000000 0.105246 0.008577
3480.000000 0.119264 0.009655
3490.000000 0.129692 0.010370
3500.000000 0.139948 0.011225
3510.000000 0.137449 0.011553
3520.000000 0.123769 0.011446
3530.000000 0.139158 0.014166
3540.000000 0.166877 0.017895
3550.000000 0.160039 0.017689
3560.000000 0.124312 0.014034
3570.000000 0.088685 0.009881
3580.000000 0.073746 0.007591
3590.000000 0.088946 0.007911
3600.000000 0.109409 0.009268
3610.000000 0.111871 0.010674
3620.000000 0.120982 0.012842
3630.000000 0.137402 0.014572
3640.000000 0.151579 0.015350
3650.000000 0.182417 0.017537
3660.000000 0.227243 0.021768
3670.000000 0.233887 0.022983
3680.000000 0.207167 0.020887
3690.000000 0.204365 0.020658
3700.000000 0.200753 0.019859
3710.000000 0.158738 0.015434
3720.000000 0.113101 0.011065
3730.000000 0.083001 0.008552
3740.000000 0.072754 0.007881
3750.000000 0.086770 0.009898
3760.000000 0.128448 0.014750
3770.000000 0.195931 0.021325
3780.000000 0.239833 0.025751
3790.000000 0.221183 0.025233
3800.000000 0.194629 0.024042
3810.000000 0.169998 0.021981
3820.000000 0.121909 0.016706
3830.000000 0.093564 0.014185
3840.000000 0.105417 0.016503
3850.000000 0.120109 0.017924
3860.000000 0.118862 0.017181
3870.000000 0.124607 0.018065
3880.000000 0.137338 0.018700
3890.000000 0.156739 0.019198
3900.000000 0.186045 0.021306
3910.000000 0.212026 0.023564
3920.000000 0.185121 0.020865
3930.000000 0.132247 0.015677
3940.000000 0.136097 0.015186
3950.000000 0.174333 0.017416
3960.000000 0.174816 0.017580
3970.000000 0.189038 0.020804
3980.000000 0.285008 0.030226
3990.000000 0.385611 0.038653
4000.000000 0.437725 0.044121
4010.000000 0.469109 0.048384
4020.000000 0.461569 0.047264
4030.000000 0.401625 0.041132
4040.000000 0.370635 0.040434
4050.000000 0.386766 0.044844
4060.000000 0.386737 0.046786
4070.000000 0.384005 0.047641
4080.000000 0.444550 0.052798
4090.000000 0.506917 0.056770
4100.000000 0.492833 0.053651
4110.000000 0.462607 0.050808
4120.000000 0.449910 0.051515
4130.000000 0.422220 0.050773
4140.000000 0.394433 0.049337
4150.000000 0.400717 0.051979
4160.000000 0.418294 0.054967
4170.000000 0.411761 0.052957
4180.000000 0.399794 0.049621
4190.000000 0.389023 0.046096
4200.000000 0.377727 0.040129
4210.000000 0.372806 0.031612
4220.000000 0.333692 0.022025
4230.000000 0.312012 0.019077
4240.000000 0.356694 0.025935
4250.000000 0.379050 0.033415
4260.000000 0.369975 0.038019
4270.000000 0.355297 0.039812
4280.000000 0.346027 0.039710
4290.000000 0.339481 0.040294
4300.000000 0.329828 0.042179
4310.000000 0.367291 0.047749
4320.000000 0.448724 0.055596
4330.000000 0.518063 0.062738
4340.000000 0.563524 0.067521
4350.000000 0.585956 0.069612
4360.000000 0.603510 0.071137
4370.000000 0.580233 0.069105
4380.000000 0.519641 0.063817
4390.000000 0.508861 0.063095
4400.000000 0.536911 0.065010
4410.000000 0.557253 0.065344
4420.000000 0.574881 0.063784
4430.000000 0.585353 0.060468
4440.000000 0.597555 0.060199
4450.000000 0.588271 0.059745
4460.000000 0.582098 0.059573
4470.000000 0.634090 0.065475
4480.000000 0.689266 0.071329
4490.000000 0.716768 0.073724
4500.000000 0.755185 0.074965
4510.000000 0.784260 0.074535
4520.000000 0.746085 0.071293
4530.000000 0.686048 0.067541
4540.000000 0.689189 0.068023
4550.000000 0.739892 0.072105
4560.000000 0.784836 0.077304
4570.000000 0.787197 0.078748
4580.000000 0.758639 0.072812
4590.000000 0.752451 0.067597
4600.000000 0.767931 0.069118
4610.000000 0.784293 0.073402
4620.000000 0.797568 0.073939
4630.000000 0.808610 0.069770
4640.000000 0.804567 0.067015
4650.000000 0.798221 0.068887
4660.000000 0.807374 0.071813
4670.000000 0.809618 0.070361
4680.000000 0.803061 0.068177
4690.000000 0.797627 0.070557
4700.000000 0.785100 0.073929
4710.000000 0.771022 0.072918
4720.000000 0.766934 0.070050
4730.000000 0.757260 0.070066
4740.000000 0.751136 0.071333
4750.000000 0.742810 0.069235
4760.000000 0.717237 0.060476
4770.000000 0.707166 0.052570
4780.000000 0.718039 0.052891
4790.000000 0.739667 0.057910
4800.000000 0.777533 0.060771
4810.000000 0.808604 0.059505
4820.000000 0.815389 0.060594
4830.000000 0.804293 0.064966
4840.000000 0.800937 0.069171
4850.000000 0.814083 0.071729
4860.000000 0.804168 0.073859
4870.000000 0.770235 0.076160
4880.000000 0.751625 0.079206
4890.000000 0.759227 0.083577
4900.000000 0.777664 0.086902
4910.000000 0.770063 0.089591
4920.000000 0.748847 0.092937
4930.000000 0.747624 0.095746
4940.000000 0.748662 0.094266
4950.000000 0.744833 0.084335
4960.000000 0.729543 0.068349
4970.000000 0.710073 0.060531
4980.000000 0.677923 0.061408
4990.000000 0.644861 0.061980
5000.000000 0.615530 0.058278
5010.000000 0.587445 0.054113
5020.000000 0.600354 0.055784
5030.000000 0.629520 0.060812
5040.000000 0.620595 0.063313
5050.000000 0.610043 0.064128
5060.000000 0.611943 0.065658
5070.000000 0.597484 0.067960
5080.000000 0.581232 0.070017
5090.000000 0.582382 0.071384
5100.000000 0.584791 0.073358
5110.000000 0.578308 0.076035
5120.000000 0.563592 0.077208
5130.000000 0.550451 0.078035
5140.000000 0.544934 0.078593
5150.000000 0.538490 0.077971
5160.000000 0.527612 0.075825
5170.000000 0.485389 0.064059
5180.000000 0.479727 0.055659
5190.000000 0.542880 0.060481
5200.000000 0.591738 0.066934
5210.000000 0.632673 0.075915
5220.000000 0.710964 0.091732
5230.000000 0.774639 0.102898
5240.000000 0.823507 0.105576
5250.000000 0.827064 0.103468
5260.000000 0.752728 0.097633
5270.000000 0.696062 0.095448
5280.000000 0.761807 0.106420
5290.000000 0.842665 0.117834
5300.000000 0.874164 0.122354
5310.000000 0.889664 0.123339
5320.000000 0.846096 0.119013
5330.000000 0.785635 0.115107
5340.000000 0.806611 0.118861
5350.000000 0.864589 0.124260
5360.000000 0.878914 0.124337
5370.000000 0.845088 0.121867
5380.000000 0.839752 0.124966
5390.000000 0.824993 0.125638
5400.000000 0.777802 0.121173
5410.000000 0.780541 0.122706
5420.000000 0.815299 0.127518
5430.000000 0.808289 0.125757
5440.000000 0.805135 0.118893
5450.000000 0.822203 0.105320
5460.000000 0.850884 0.096785
5470.000000 0.877558 0.100975
5480.000000 0.886056 0.107699
5490.000000 0.887447 0.109598
5500.000000 0.878554 0.105436
5510.000000 0.877726 0.104192
5520.000000 0.898136 0.110435
5530.000000 0.921549 0.117790
5540.000000 0.941141 0.122569
5550.000000 0.944069 0.126152
5560.000000 0.923809 0.128425
5570.000000 0.898436 0.127726
5580.000000 0.870860 0.122841
5590.000000 0.841253 0.113315
5600.000000 0.855463 0.105299
5610.000000 0.898516 0.104070
5620.000000 0.924436 0.106118
5630.000000 0.949280 0.108252
5640.000000 0.963352 0.111347
5650.000000 0.955685 0.115739
5660.000000 0.948541 0.117208
5670.000000 0.959451 0.117775
5680.000000 0.967352 0.121528
5690.000000 0.959887 0.125661
5700.000000 0.944482 0.127926
5710.000000 0.938054 0.130447
5720.000000 0.959993 0.135707
5730.000000 0.981708 0.141756
5740.000000 0.983359 0.146680
5750.000000 0.976183 0.146976
5760.000000 0.976831 0.141575
5770.000000 0.979251 0.138183
5780.000000 0.965375 0.140919
5790.000000 0.959878 0.146122
5800.000000 0.976000 0.149388
5810.000000 0.989217 0.147301
5820.000000 0.998111 0.145215
5830.000000 1.000000 0.146510
5840.000000 0.991098 0.144435
5850.000000 0.971570 0.134942
5860.000000 0.953788 0.122710
5870.000000 0.943519 0.110221
5880.000000 0.877520 0.092421
5890.000000 0.765963 0.074072
5900.000000 0.779142 0.073012
5910.000000 0.893684 0.086552
5920.000000 0.955360 0.097458
5930.000000 0.968830 0.103731
5940.000000 0.973553 0.108002
5950.000000 0.977863 0.109409
5960.000000 0.982233 0.110490
5970.000000 0.981750 0.113776
5980.000000 0.974602 0.118741
5990.000000 0.972496 0.123799
6000.000000 0.970503 0.126940
6010.000000 0.960929 0.130336
6020.000000 0.957541 0.136167
6030.000000 0.972291 0.142930
6040.000000 0.990810 0.148337
6050.000000 0.992838 0.152499
6060.000000 0.983702 0.156718
6070.000000 0.981221 0.162297
6080.000000 0.978372 0.167250
6090.000000 0.965348 0.167304
6100.000000 0.951269 0.163821
6110.000000 0.944608 0.162515
6120.000000 0.934831 0.163483
6130.000000 0.924921 0.167574
6140.000000 0.925198 0.170794
6150.000000 0.919651 0.160467
6160.000000 0.892869 0.136548
6170.000000 0.894120 0.120185
6180.000000 0.930515 0.116943
6190.000000 0.946917 0.113506
6200.000000 0.949650 0.111274
6210.000000 0.946133 0.108497
6220.000000 0.934197 0.100737
6230.000000 0.926415 0.095970
6240.000000 0.917360 0.098058
6250.000000 0.902177 0.103470
6260.000000 0.900236 0.109588
6270.000000 0.917004 0.114648
6280.000000 0.928284 0.118082
6290.000000 0.930098 0.121622
6300.000000 0.928128 0.126290
6310.000000 0.927886 0.132093
6320.000000 0.931456 0.136882
6330.000000 0.940348 0.141123
6340.000000 0.948461 0.146300
6350.000000 0.952688 0.147054
6360.000000 0.948985 0.141397
6370.000000 0.946608 0.135982
6380.000000 0.943379 0.132147
6390.000000 0.932180 0.131707
6400.000000 0.923294 0.138180
6410.000000 0.924213 0.145948
6420.000000 0.927021 0.148872
6430.000000 0.923620 0.149856
6440.000000 0.917507 0.152847
6450.000000 0.918969 0.157733
6460.000000 0.916781 0.162390
6470.000000 0.920344 0.167605
6480.000000 0.927758 0.168939
6490.000000 0.912374 0.165057
6500.000000 0.902951 0.166526
6510.000000 0.930264 0.175178
6520.000000 0.954830 0.182943
6530.000000 0.958416 0.188176
6540.000000 0.950537 0.188831
6550.000000 0.938435 0.184377
6560.000000 0.928887 0.180850
6570.000000 0.929604 0.179568
6580.000000 0.938289 0.180405
6590.000000 0.941641 0.182803
6600.000000 0.941495 0.183138
6610.000000 0.945524 0.180789
6620.000000 0.947559 0.177324
6630.000000 0.943274 0.174781
6640.000000 0.942583 0.171141
6650.000000 0.946086 0.162566
6660.000000 0.944292 0.155105
6670.000000 0.939714 0.152181
6680.000000 0.937789 0.145374
6690.000000 0.934040 0.138400
6700.000000 0.917938 0.135400
6710.000000 0.902199 0.129169
6720.000000 0.909990 0.121191
6730.000000 0.926158 0.118850
6740.000000 0.929833 0.120154
6750.000000 0.926712 0.120161
6760.000000 0.924984 0.122105
6770.000000 0.921474 0.125571
6780.000000 0.918089 0.123652
6790.000000 0.916399 0.119701
6800.000000 0.915479 0.120718
6810.000000 0.913934 0.123317
6820.000000 0.912063 0.124498
6830.000000 0.908201 0.125626
6840.000000 0.900278 0.125850
6850.000000 0.893121 0.122728
6860.000000 0.890182 0.120144
6870.000000 0.889578 0.122389
6880.000000 0.888010 0.125926
6890.000000 0.889859 0.129462
6900.000000 0.893204 0.134972
6910.000000 0.892377 0.141615
6920.000000 0.891660 0.147636
6930.000000 0.895765 0.154841
6940.000000 0.900503 0.163277
6950.000000 0.903584 0.170451
6960.000000 0.905130 0.175219
6970.000000 0.899095 0.178726
6980.000000 0.890845 0.181942
6990.000000 0.891686 0.185063
7000.000000 0.892829 0.188637
7010.000000 0.889456 0.194229
7020.000000 0.887856 0.202015
7030.000000 0.892420 0.211940
7040.000000 0.902088 0.220967
7050.000000 0.908394 0.214911
7060.000000 0.905620 0.193063
7070.000000 0.902457 0.181764
7080.000000 0.900025 0.177133
7090.000000 0.896113 0.162906
7100.000000 0.895111 0.153748
7110.000000 0.892336 0.157172
7120.000000 0.887634 0.154298
7130.000000 0.880791 0.137883
7140.000000 0.870906 0.128054
7150.000000 0.865640 0.131742
7160.000000 0.873526 0.138867
7170.000000 0.880901 0.146407
7180.000000 0.875711 0.155021
7190.000000 0.866353 0.159242
7200.000000 0.864651 0.156837
7210.000000 0.868619 0.157099
7220.000000 0.878766 0.165339
7230.000000 0.887513 0.175177
7240.000000 0.887686 0.183503
7250.000000 0.882635 0.192483
7260.000000 0.881014 0.201015
7270.000000 0.882679 0.206353
7280.000000 0.879906 0.210845
7290.000000 0.874000 0.217499
7300.000000 0.873343 0.224841
7310.000000 0.873429 0.230552
7320.000000 0.869033 0.234142
7330.000000 0.867732 0.238389
7340.000000 0.872654 0.244187
7350.000000 0.869901 0.247868
7360.000000 0.864552 0.251442
7370.000000 0.869779 0.257413
7380.000000 0.871375 0.262303
7390.000000 0.862792 0.264325
7400.000000 0.858595 0.266093
7410.000000 0.857068 0.268201
7420.000000 0.857686 0.269879
7430.000000 0.862634 0.271514
7440.000000 0.862199 0.272051
7450.000000 0.859537 0.271998
7460.000000 0.862735 0.273618
7470.000000 0.867113 0.276203
7480.000000 0.867554 0.277607
7490.000000 0.861091 0.277091
7500.000000 0.856175 0.277328
7510.000000 0.857153 0.279031
7520.000000 0.861378 0.280678
7530.000000 0.866635 0.281883
7540.000000 0.869690 0.283458
7550.000000 0.868217 0.284860
7560.000000 0.865107 0.285043
7570.000000 0.863006 0.283596
7580.000000 0.860060 0.278936
7590.000000 0.858510 0.269641
7600.000000 0.858944 0.262232
7610.000000 0.855441 0.260664
7620.000000 0.853000 0.258923
7630.000000 0.859022 0.252664
7640.000000 0.861838 0.247290
7650.000000 0.848750 0.243553
7660.000000 0.826861 0.232380
7670.000000 0.826163 0.218662
7680.000000 0.841586 0.215380
7690.000000 0.843808 0.216810
7700.000000 0.838827 0.216153
7710.000000 0.839984 0.218089
7720.000000 0.842709 0.223983
7730.000000 0.844196 0.229969
7740.000000 0.841225 0.230410
7750.000000 0.837467 0.224340
7760.000000 0.843269 0.221140
7770.000000 0.847582 0.223497
7780.000000 0.844380 0.225477
7790.000000 0.841012 0.226944
7800.000000 0.840746 0.231393
7810.000000 0.841739 0.236665
7820.000000 0.839723 0.237338
7830.000000 0.831820 0.233492
7840.000000 0.827723 0.232352
7850.000000 0.832356 0.236181
7860.000000 0.837497 0.240526
7870.000000 0.838411 0.244209
7880.000000 0.835319 0.248763
7890.000000 0.831478 0.252667
7900.000000 0.826989 0.253420
7910.000000 0.821014 0.251520
7920.000000 0.816239 0.251545
7930.000000 0.810153 0.254229
7940.000000 0.801735 0.256452
7950.000000 0.803120 0.259214
7960.000000 0.813517 0.263838
7970.000000 0.819491 0.267357
7980.000000 0.818925 0.268147
7990.000000 0.815369 0.268018
8000.000000 0.811916 0.269234
8010.000000 0.814076 0.272115
8020.000000 0.815235 0.274390
8030.000000 0.811519 0.275666
8040.000000 0.807203 0.277089
8050.000000 0.804142 0.278539
8060.000000 0.804765 0.279808
8070.000000 0.802214 0.280093
8080.000000 0.797847 0.281294
8090.000000 0.795287 0.283740
8100.000000 0.795644 0.285753
8110.000000 0.798610 0.286787
8120.000000 0.800688 0.287548
8130.000000 0.801721 0.289322
8140.000000 0.801694 0.291447
8150.000000 0.800449 0.292643
8160.000000 0.798619 0.292522
8170.000000 0.793382 0.289589
8180.000000 0.779006 0.280391
8190.000000 0.763482 0.269822
8200.000000 0.761708 0.268447
8210.000000 0.770104 0.275463
8220.000000 0.776998 0.281543
8230.000000 0.782571 0.284744
8240.000000 0.786286 0.286141
8250.000000 0.788384 0.286261
8260.000000 0.790165 0.285675
8270.000000 0.791271 0.284074
8280.000000 0.790556 0.281726
8290.000000 0.786696 0.279720
8300.000000 0.780206 0.278380
8310.000000 0.773706 0.277845
8320.000000 0.765992 0.277182
8330.000000 0.758297 0.275933
8340.000000 0.760090 0.275799
8350.000000 0.764930 0.275411
8360.000000 0.766912 0.274571
8370.000000 0.764253 0.272990
8380.000000 0.753546 0.269102
8390.000000 0.746804 0.267482
8400.000000 0.756601 0.271516
8410.000000 0.764042 0.273836
8420.000000 0.759794 0.270141
8430.000000 0.752703 0.262069
8440.000000 0.752635 0.254134
8450.000000 0.759451 0.248980
8460.000000 0.760590 0.244949
8470.000000 0.757594 0.243743
8480.000000 0.758797 0.246452
8490.000000 0.751345 0.248171
8500.000000 0.738127 0.246750
8510.000000 0.738092 0.245771
8520.000000 0.740846 0.246286
8530.000000 0.728697 0.246497
8540.000000 0.699212 0.244304
8550.000000 0.702441 0.247815
8560.000000 0.737332 0.256437
8570.000000 0.755049 0.261082
8580.000000 0.756587 0.262630
8590.000000 0.755746 0.263995
8600.000000 0.753528 0.265480
8610.000000 0.748803 0.266931
8620.000000 0.747368 0.269161
8630.000000 0.749734 0.271759
8640.000000 0.747573 0.272782
8650.000000 0.730635 0.270089
8660.000000 0.700128 0.264273
8670.000000 0.691703 0.263122
8680.000000 0.702420 0.265454
8690.000000 0.706462 0.266259
8700.000000 0.717210 0.269639
8710.000000 0.728702 0.273629
8720.000000 0.732783 0.275514
8730.000000 0.732798 0.276544
8740.000000 0.731253 0.277273
8750.000000 0.731316 0.278393
8760.000000 0.728799 0.279043
8770.000000 0.725708 0.279460
8780.000000 0.726885 0.281164
8790.000000 0.725808 0.282597
8800.000000 0.713165 0.280728
8810.000000 0.702700 0.279000
8820.000000 0.706743 0.279963
8830.000000 0.713783 0.281574
8840.000000 0.721147 0.283358
8850.000000 0.727597 0.280808
8860.000000 0.728435 0.271076
8870.000000 0.725727 0.261131
8880.000000 0.727376 0.258379
8890.000000 0.729923 0.260605
8900.000000 0.729844 0.264001
8910.000000 0.727034 0.267022
8920.000000 0.722023 0.268605
8930.000000 0.719036 0.268292
8940.000000 0.718585 0.266226
8950.000000 0.718718 0.264923
8960.000000 0.719562 0.265732
8970.000000 0.717557 0.267344
8980.000000 0.714466 0.269313
8990.000000 0.709529 0.270715
9000.000000 0.701424 0.270771
9010.000000 0.696976 0.270404
9020.000000 0.698869 0.269781
9030.000000 0.705569 0.270698
9040.000000 0.711799 0.273317
9050.000000 0.713222 0.274890
9060.000000 0.711077 0.275352
9070.000000 0.707856 0.276082
9080.000000 0.700742 0.275860
9090.000000 0.692117 0.274745
9100.000000 0.691423 0.275448
9110.000000 0.695604 0.277831
9120.000000 0.699388 0.280321
9130.000000 0.701558 0.281834
9140.000000 0.699341 0.282409
9150.000000 0.695317 0.282799
9160.000000 0.692288 0.283408
9170.000000 0.688336 0.283801
9180.000000 0.686990 0.284516
9190.000000 0.687309 0.285388
9200.000000 0.684269 0.284474
9210.000000 0.679719 0.282038
9220.000000 0.678949 0.279688
9230.000000 0.680425 0.277985
9240.000000 0.678283 0.277007
9250.000000 0.672360 0.276100
9260.000000 0.669948 0.275856
9270.000000 0.674728 0.276416
9280.000000 0.677162 0.275449
9290.000000 0.674605 0.272745
9300.000000 0.674772 0.271197
9310.000000 0.677608 0.271700
9320.000000 0.678316 0.272306
9330.000000 0.678041 0.272881
9340.000000 0.677027 0.273322
9350.000000 0.673750 0.272631
9360.000000 0.670582 0.271776
9370.000000 0.670576 0.271776
9380.000000 0.671000 0.271877
9390.000000 0.668707 0.271576
9400.000000 0.663348 0.271562
9410.000000 0.655627 0.272309
9420.000000 0.652737 0.273337
9430.000000 0.654880 0.273709
9440.000000 0.654101 0.272550
9450.000000 0.655025 0.271643
9460.000000 0.659368 0.272548
9470.000000 0.662606 0.274180
9480.000000 0.663191 0.275702
9490.000000 0.662606 0.276691
9500.000000 0.661555 0.276773
9510.000000 0.660084 0.276232
9520.000000 0.659506 0.276063
9530.000000 0.657635 0.275445
9540.000000 0.653573 0.273874
9550.000000 0.650681 0.273439
9560.000000 0.650879 0.274846
9570.000000 0.650815 0.275961
9580.000000 0.651506 0.276720
9590.000000 0.652427 0.276583
9600.000000 0.650046 0.275010
9610.000000 0.649639 0.275485
9620.000000 0.650319 0.277066
9630.000000 0.645952 0.275484
9640.000000 0.639400 0.271458
9650.000000 0.637125 0.270091
9660.000000 0.637886 0.271242
9670.000000 0.637377 0.271006
9680.000000 0.637388 0.270784
9690.000000 0.639264 0.272485
9700.000000 0.639307 0.273033
9710.000000 0.637895 0.272026
9720.000000 0.635871 0.270698
9730.000000 0.631692 0.268489
9740.000000 0.628572 0.267453
9750.000000 0.630858 0.268875
9760.000000 0.634642 0.270925
9770.000000 0.633335 0.270204
9780.000000 0.628554 0.267519
9790.000000 0.626946 0.267051
9800.000000 0.632272 0.270325
9810.000000 0.636374 0.272112
9820.000000 0.635472 0.271139
9830.000000 0.632892 0.269738
9840.000000 0.632867 0.269861
9850.000000 0.634552 0.271347
9860.000000 0.634799 0.272193
9870.000000 0.633973 0.272459
9880.000000 0.632152 0.272649
9890.000000 0.627424 0.270150
9900.000000 0.619860 0.262924
9910.000000 0.612895 0.255156
9920.000000 0.610457 0.252314
9930.000000 0.611780 0.254553
9940.000000 0.614209 0.258789
9950.000000 0.616046 0.261777
9960.000000 0.616811 0.262316
9970.000000 0.615180 0.261075
9980.000000 0.600221 0.254140
