9.681031205270695938e-01 -6.742686333452471703e-02
1.004557858983912144e+00 -1.659240132345987107e-01
1.092662706356257063e+00 -2.528125131153169947e-01
1.173665425023574072e+00 -2.636296704732580265e-01
1.275929048288211076e+00 -3.842596934163242106e-01
1.416839785881660596e+00 -5.601111693979889949e-01
1.533294605108007858e+00 -6.706318364166407031e-01
1.536434531712898011e+00 -6.614661087779605264e-01
1.583021467361310552e+00 -6.919232549744085414e-01
1.687246346074370740e+00 -7.748640667229542700e-01
1.714184410369335554e+00 -7.847655150433472393e-01
1.720638071626151344e+00 -7.834777644024909504e-01
1.699733883111815613e+00 -7.623827125978168695e-01
1.665971181050120986e+00 -7.308046065712414663e-01
1.648896252022625575e+00 -7.203003678725194980e-01
1.636467184747101955e+00 -6.996619272255635291e-01
1.602528865595893581e+00 -6.673072231956491684e-01
1.578448252539870644e+00 -6.475089695851421467e-01
1.543265838656511457e+00 -6.257415063806732736e-01
1.527252377842050590e+00 -6.077218548794240949e-01
1.517301797180120593e+00 -6.046531279961153693e-01
1.477631888056363252e+00 -5.898359268708660563e-01
1.505190197651534945e+00 -6.036728080062073731e-01
1.557280886737751668e+00 -6.259415491514968011e-01
1.595652025765751603e+00 -6.570425494068443673e-01
1.615618613007617554e+00 -6.720125297999367531e-01
1.617342681125052861e+00 -6.706126536335179633e-01
1.604000404595669727e+00 -6.560286874885632447e-01
1.575868525975325340e+00 -6.299197482604117493e-01
1.552688630393833202e+00 -6.105480080290002221e-01
1.532072802203909179e+00 -5.944633081352588277e-01
1.508025924513819227e+00 -5.745135930646552147e-01
1.492665265045121981e+00 -5.612426419721403548e-01
1.468800400665824846e+00 -5.422840230458276789e-01
1.435871515549750344e+00 -5.224072718504916280e-01
1.389919166100317627e+00 -4.982847475732941067e-01
1.292397536446888484e+00 -4.150244046503865913e-01
1.238549798987682582e+00 -3.613616952820176143e-01
1.232775885284855377e+00 -3.657377009734476547e-01
1.225190834889533065e+00 -3.544876995274353071e-01
1.216889394917003209e+00 -3.427047833384578857e-01
1.216354196260469367e+00 -3.410074723064486224e-01
1.228245052746245181e+00 -3.569078867294986912e-01
1.246619709022765754e+00 -3.810671521457040245e-01
1.255583365236810023e+00 -3.946639529386417045e-01
1.252836672947125862e+00 -3.926129951439986110e-01
1.269218718767735066e+00 -4.106031995884050767e-01
1.309048890946709953e+00 -4.440516712567312285e-01
1.341108340337154869e+00 -4.605940250465740959e-01
1.358957651463868377e+00 -4.708992132582341950e-01
1.360894165500226460e+00 -4.645207687033556243e-01
1.351011673868318219e+00 -4.573094743064490264e-01
1.338631515147814977e+00 -4.323549198851404096e-01
1.300475652569127005e+00 -4.169532531210001225e-01
1.264913106812289634e+00 -3.868194746848502286e-01
1.194676434607727433e+00 -3.291706171591840535e-01
1.066427775814071222e+00 -2.354776317649096007e-01
9.696151154764858227e-01 -1.728254506989196915e-01
1.068238102516555266e+00 -2.472257540959462707e-01
1.139185560753886772e+00 -3.011407876568380493e-01
1.171825054553020218e+00 -3.183263708483438648e-01
1.209008509802665277e+00 -3.504337154774623819e-01
1.221564069986548429e+00 -3.496942341786883901e-01
1.240623730256392498e+00 -3.536653069303831165e-01
1.255831304768729284e+00 -3.590619820760708736e-01
1.257905505983023753e+00 -3.648479680051082141e-01
1.255209500234257813e+00 -3.564312951645735028e-01
1.247930071225769488e+00 -3.476332279114539570e-01
1.218323770746041923e+00 -3.323972830381851651e-01
1.188360699497543527e+00 -3.131408533615503420e-01
1.161550362943803538e+00 -2.843520363991718369e-01
1.037095210612741569e+00 -2.284967964276116703e-01
9.007606660613813876e-01 -9.829014030108371158e-02
8.162812001091914738e-01 -2.803758516697102410e-02
9.360365949484302783e-01 -1.214342927768585212e-01
1.041155649611753997e+00 -1.918330572907044063e-01
1.107547474818678213e+00 -2.558407770558978056e-01
1.121995744459494126e+00 -2.647931267180856918e-01
1.088338360436351016e+00 -2.446013317330970605e-01
1.026004544074915481e+00 -2.136209930626581655e-01
9.696951508892950322e-01 -1.579422275262443165e-01
8.244746259806345901e-01 -3.980414737803798786e-02
6.491627530042345384e-01 1.015445155352355799e-01
6.394302290679783063e-01 1.378306621383034170e-01
6.822535056265253139e-01 5.793127106314169272e-02
7.050127951447457963e-01 3.844328611243767735e-02
7.377482544891381666e-01 5.454844989913499621e-03
8.228232846629358610e-01 -6.205890955326436725e-02
8.781181443718547586e-01 -1.108473110900344283e-01
9.008958110959848220e-01 -1.423028577750899415e-01
9.048526867232042914e-01 -1.420637933257102303e-01
8.926425309227095095e-01 -1.064560699753468315e-01
8.046370118356175327e-01 -2.682090276702765730e-02
8.697996403783460062e-01 -5.083835217557673009e-02
9.169366682493584886e-01 -1.195871985012252059e-01
9.311272770192611237e-01 -1.039652326096745932e-01
9.928064604463483489e-01 -1.453448758143726094e-01
1.087478220998733258e+00 -2.278511130931057671e-01
1.143424753785800441e+00 -2.629764014781172943e-01
1.158634920333430296e+00 -2.718398572199506313e-01
1.168404290883847008e+00 -2.737715944896060849e-01
1.176856649302816749e+00 -2.790172862995480840e-01
1.180148327991664914e+00 -2.808351894999095988e-01
1.172781623398889028e+00 -2.763386295371259016e-01
1.151415303457064665e+00 -2.683493295480660623e-01
1.140247050833279818e+00 -2.615664657966157436e-01
1.132914317715880914e+00 -2.531421789052401561e-01
1.144013853087440635e+00 -2.532026244652424984e-01
1.165507339781929330e+00 -2.650645635513294573e-01
1.170979603292294779e+00 -2.818010948143333527e-01
1.168126532910104487e+00 -2.968224772427653368e-01
1.174638449891226788e+00 -2.987485148101202692e-01
1.161607968158030246e+00 -2.858285997208525053e-01
1.148273618821955333e+00 -2.734109594956148914e-01
1.141532922287455509e+00 -2.728283947925337349e-01
1.140884427721386762e+00 -2.722975400944214197e-01
1.138664130150013554e+00 -2.674234340829309553e-01
1.127406771964755583e+00 -2.647628685458927045e-01
1.123006742979832939e+00 -2.536218456782032282e-01
1.123635819867414565e+00 -2.613770742661344348e-01
1.127593999714962658e+00 -2.613338209011644153e-01
1.122766562716667416e+00 -2.677567068782664705e-01
1.108937055674172889e+00 -2.593714945506203629e-01
1.094700201460843347e+00 -2.449423094013496727e-01
1.078687577462934533e+00 -2.327605089228458879e-01
1.054547216164723800e+00 -2.140927252881107412e-01
1.021762315862607906e+00 -1.916619996750426047e-01
9.976807662721581815e-01 -1.724079694496888915e-01
9.742650175313362082e-01 -1.417502002981819442e-01
9.586274682924902368e-01 -1.063880085746596871e-01
9.594698995055186419e-01 -1.007680856103429223e-01
9.735285170532708143e-01 -1.322529607972227350e-01
1.000621071963219810e+00 -1.418712116965273884e-01
1.004630235331570809e+00 -1.362261358043072856e-01
9.986645553270485642e-01 -1.307457478805532369e-01
9.976454394429942196e-01 -1.273685749473794926e-01
9.979243952761392977e-01 -1.262717467329468324e-01
9.962379513937942299e-01 -1.266939756289250929e-01
9.950773072521343909e-01 -1.310552771115901793e-01
1.001045058701577339e+00 -1.330520413746961728e-01
1.018753484567123113e+00 -1.507755469895559197e-01
1.032648730680076898e+00 -1.639418376584634296e-01
1.040949203890620955e+00 -1.679815995995092570e-01
1.042628728686193718e+00 -1.660605279660004041e-01
1.040834339687939814e+00 -1.617591386484521776e-01
1.040257308652627000e+00 -1.567400995378209760e-01
1.041551441574303905e+00 -1.566839417180931060e-01
1.038589008180967221e+00 -1.521119044722147595e-01
1.040067264579928263e+00 -1.522728980818501832e-01
1.040518632515346154e+00 -1.451134431704448335e-01
1.040960479098415492e+00 -1.450116278470446884e-01
1.043719891666353705e+00 -1.492814495771546679e-01
1.042218665152575996e+00 -1.546714428594300195e-01
1.037838041876352646e+00 -1.482909855321920822e-01
1.031219028696816586e+00 -1.405808443378875894e-01
1.026631347210168466e+00 -1.337552444018353104e-01
1.017674075529610533e+00 -1.289723433858196433e-01
1.012215106214500615e+00 -1.239676782365523589e-01
1.007368531995587402e+00 -1.184027967956553518e-01
1.004608175065999420e+00 -1.177722724946100030e-01
1.001438494078282115e+00 -1.143005422789347414e-01
9.988458898429474209e-01 -1.083283613118435074e-01
9.979948736266628373e-01 -1.079518763978866425e-01
9.987662261296810229e-01 -1.125371014721980589e-01
9.987311352242941309e-01 -1.097988773867377976e-01
9.967323327803913058e-01 -1.085460731181664973e-01
9.919590808892858602e-01 -1.090414257089644401e-01
9.873734604984005792e-01 -1.027946091562068759e-01
9.935373552213637716e-01 -1.111695469726753371e-01
9.928809478355175022e-01 -1.165337534473004366e-01
9.991677966616216988e-01 -1.221954848370509217e-01
1.003441651378202737e+00 -1.312652011439613409e-01
1.012409274721131069e+00 -1.368948145582533360e-01
1.023707171257895787e+00 -1.517009407880697824e-01
1.030752573069405376e+00 -1.577371845272687312e-01
1.039152914729452704e+00 -1.703199811342375747e-01
1.045152308019608789e+00 -1.779205757352061990e-01
1.040602055127141545e+00 -1.745430153285133512e-01
1.022739340385513396e+00 -1.537517474187889421e-01
1.003461170697036886e+00 -1.307861909587448301e-01
9.861334986075002140e-01 -1.155286496808850538e-01
9.745865560417121820e-01 -1.010248127386391692e-01
9.665395837300646553e-01 -9.348769856369139319e-02
9.515964343213350052e-01 -8.025767312833152756e-02
9.334779433541642302e-01 -6.912881942080378872e-02
9.139698600527091932e-01 -6.163329423191725442e-02
9.007161412291218028e-01 -5.209578547685830147e-02
9.074396005128937404e-01 -5.210143562202301099e-02
9.182385059182786025e-01 -6.193435559866890261e-02
9.285498217178533853e-01 -7.049576127745996179e-02
9.296759467196099580e-01 -7.669755323581486928e-02
9.347940312865363754e-01 -8.338829923608745420e-02
9.381997147924525660e-01 -8.842908392106209325e-02
9.418585364179694608e-01 -9.477267975244818565e-02
9.440235654400858101e-01 -1.000416642976627579e-01
9.508815976964237748e-01 -1.078105811738948039e-01
9.526641022172601669e-01 -1.105569160641515641e-01
9.524874872163913153e-01 -1.131857698948976892e-01
9.390847085480538148e-01 -1.135661098506191569e-01
9.334062651300080171e-01 -1.154985141616000910e-01
9.305957000075550933e-01 -1.166856376391489647e-01
9.343092993746866526e-01 -1.185745653117494247e-01
9.328990748570126224e-01 -1.194011845572909292e-01
9.298292047765984725e-01 -1.199013315024380355e-01
9.285964379763583798e-01 -1.239998851180152961e-01
9.279648711031203145e-01 -1.321112884842330915e-01
9.264259361110395163e-01 -1.347808920646520192e-01
9.203767617053736361e-01 -1.328336518339011951e-01
9.079508652999278562e-01 -1.233148867079795485e-01
9.010183525034226593e-01 -1.183701424516115097e-01
8.939573776233785685e-01 -1.148140566416698816e-01
8.790064767816094804e-01 -1.088040944478508298e-01
8.668067838975845874e-01 -1.030858017105883428e-01
8.458407205729415734e-01 -8.484977871461127363e-02
8.224687239567930463e-01 -7.534592528699260439e-02
7.908707641593647475e-01 -4.737528329105725883e-02
7.624908030020780547e-01 -1.831079322525674957e-02
7.533504071670917845e-01 -1.452800309131942365e-02
7.772399485921008822e-01 -3.134104204925135251e-02
8.036247688519022603e-01 -2.062408905258540995e-02
8.145703728345614625e-01 -2.376869321139974539e-02
8.389163017286433988e-01 -2.639958902072085320e-02
8.347280642818865060e-01 -2.500327994968547587e-02
8.436344597386818966e-01 -2.000394727419869609e-02
8.418454500905903082e-01 -1.776838500824849329e-02
8.316163212043464759e-01 -1.544155653712443906e-02
8.234367627648077059e-01 -1.180793219766776078e-02
8.233075974590619017e-01 -9.261748382990512771e-03
8.303987973878096396e-01 -9.196086619534436790e-03
8.334507692086835506e-01 -1.009409295210162566e-02
8.309989801610075943e-01 -1.856121179538096702e-03
8.234809847461213028e-01 -2.328844325819619601e-03
8.169319859233570291e-01 -5.371524350941370499e-03
8.194684728718241162e-01 -3.956638248536455474e-03
8.191998732327070432e-01 -2.561989026203935916e-03
8.185611300457973361e-01 3.231836094947041632e-04
8.141494541091025550e-01 1.181212016183114805e-03
8.124016033182086538e-01 2.060626987393239518e-03
7.990486740590934112e-01 -3.404837076764581638e-04
8.029093862704076434e-01 2.931587347494367304e-03
8.020850431275012848e-01 2.070982138739423453e-03
8.042458631418087922e-01 -1.073037051687537706e-03
8.069439418604333891e-01 -5.419427213392302191e-03
8.031337561447530193e-01 -5.479303137966105158e-03
8.024674659513368891e-01 -3.656495781972836367e-03
8.070872020150375858e-01 2.515969989474597154e-03
8.049397272164585670e-01 7.909916044990765796e-03
8.004628759727324683e-01 1.051275450232038930e-02
8.000854667564850642e-01 1.087230297081667220e-02
7.999443399411936273e-01 1.087831251948224998e-02
7.995605000146285279e-01 1.261372854074651467e-02
7.970378236838767672e-01 1.435910690139863798e-02
7.918416572148148092e-01 1.575114648234171577e-02
7.926529381978373312e-01 1.911149568466127477e-02
7.907358245482997150e-01 2.030592349417523548e-02
7.846926259257693825e-01 2.149844108460913922e-02
7.802936886489808543e-01 2.505705495116556172e-02
7.767007534685508308e-01 2.865976253590798301e-02
7.736488276727621072e-01 3.015458060320487521e-02
7.715739002580884742e-01 3.373307370677578604e-02
7.693197835110043847e-01 3.835807168121875554e-02
7.634438892883436134e-01 4.405124957686002568e-02
7.601772359086539366e-01 4.718290260584778045e-02
7.561856907454658216e-01 4.997520850840247997e-02
7.536891843435662430e-01 4.975512989095989130e-02
7.516043550554053487e-01 5.291563583086961176e-02
7.506877621464350669e-01 5.286470322925636983e-02
7.486509317233723815e-01 5.375820176949485524e-02
7.493176462441920593e-01 5.170068672385141895e-02
7.492978932510996337e-01 5.121907058643845878e-02
7.505050885011982365e-01 5.004138676022851229e-02
7.532879281722939524e-01 4.884831667334084415e-02
7.541235182127330461e-01 4.894392525451949499e-02
7.521943889500003477e-01 5.018795871407768366e-02
7.488608434210994869e-01 5.204768413645734226e-02
7.481766368661859623e-01 5.245304193332152309e-02
7.463861414498680347e-01 5.290408903831819720e-02
7.446325729939377025e-01 5.297583637604243167e-02
7.429729982360128160e-01 5.437609178098554152e-02
7.406317645598259336e-01 5.709380373084814442e-02
7.383791404256629942e-01 5.949114990721730140e-02
7.359132462167718991e-01 6.210440929373917118e-02
7.337438262281287260e-01 6.287203319436190929e-02
7.313744188034966287e-01 6.215468012149036325e-02
7.275999034501496876e-01 6.222464730852277082e-02
7.245598970921915960e-01 5.994407933741978389e-02
7.186237062088715044e-01 6.709478001525201463e-02
7.133059111889266113e-01 6.608062120880286994e-02
7.047170087109048131e-01 7.362611598923876621e-02
7.086939475082318918e-01 6.909957657600872272e-02
7.159342056442192792e-01 7.049737247298562548e-02
7.184986892591456176e-01 6.722348231427234533e-02
7.179973340828449402e-01 6.408357787924053028e-02
7.188615914081768477e-01 6.858290018024569556e-02
7.160080963734003490e-01 7.112975112343127015e-02
7.156509521663659834e-01 7.046186192359867040e-02
7.119780367592192238e-01 7.366831437528410798e-02
7.097345009153657180e-01 7.500437123894886093e-02
7.068150068090561788e-01 7.677996932649061579e-02
7.040853318788247162e-01 7.738981868100697215e-02
7.011297471896701383e-01 7.957915438902651850e-02
6.976549571552171924e-01 8.179522038679563900e-02
6.961733719976724855e-01 8.315074275676766213e-02
6.962498687480913606e-01 8.351487575191485213e-02
6.957900910451535470e-01 8.326419657855253786e-02
6.945793018652661743e-01 8.182990954985315535e-02
6.922842713890098310e-01 8.295430339390486019e-02
6.886784029155910147e-01 8.312706032507774512e-02
6.869338010445420473e-01 8.533368795402042351e-02
6.845754299571693569e-01 8.587077064412060312e-02
6.821457968303665798e-01 8.627718579108467623e-02
6.784637394431811686e-01 8.659985405834441652e-02
6.760833462566019358e-01 8.720161262329487184e-02
6.741621562474540141e-01 8.839748563996038810e-02
6.725854957094975495e-01 8.932861666898378461e-02
6.692503747142420911e-01 9.024244104309618597e-02
6.658536143805665608e-01 9.170891732719242684e-02
6.662766319481797650e-01 9.284535686611890271e-02
6.673993898077849041e-01 9.375966306856231558e-02
6.669941473256628672e-01 9.473072210695948625e-02
6.667682975233198972e-01 9.504835402562195057e-02
6.646088336383415562e-01 9.572084486005275061e-02
6.637875323810518147e-01 9.681143815631509941e-02
6.620530459190312467e-01 9.685056624267471270e-02
6.633621579987536432e-01 9.604485810637716781e-02
6.656151927314261085e-01 9.452901705352130535e-02
6.671130876836564028e-01 9.331588987589083117e-02
6.665194859368525071e-01 9.387734542961170825e-02
6.626883910231620156e-01 9.590744857857035066e-02
6.592360857471877278e-01 9.715092808121136847e-02
6.559551963927161555e-01 9.814774069640357090e-02
6.524894492597725915e-01 9.968984002390035570e-02
6.513402458211002832e-01 1.004754728741862613e-01
6.513733221251986061e-01 1.013653141507810385e-01
6.515539462127736270e-01 1.005657741374404862e-01
6.512670877314753470e-01 9.973800786766195969e-02
6.501643980139757417e-01 1.010965895080125077e-01
6.487144543567437971e-01 1.026420253503848162e-01
6.454692966114420338e-01 1.045063455816055004e-01
6.434136937094584452e-01 1.060991564513478203e-01
6.413439485100458359e-01 1.062844565911017225e-01
6.390371305182337425e-01 1.061362799254823158e-01
6.384055358411271364e-01 1.058604562474524530e-01
6.364291870271625573e-01 1.063246144615519750e-01
6.341709543270307448e-01 1.070760712798602410e-01
6.325617477500773411e-01 1.076948720279044258e-01
6.306047208910005031e-01 1.083196171197574054e-01
6.292394087860386787e-01 1.088844905633495619e-01
6.276940671714315023e-01 1.101784240197168085e-01
6.275369586605242800e-01 1.115628194340526902e-01
6.264950334874891391e-01 1.125455643815991003e-01
6.251270502767525272e-01 1.148806795337788816e-01
6.211947475845597255e-01 1.202588390278260810e-01
6.119965381912975122e-01 1.261575330335608369e-01
5.996163947712697118e-01 1.352846586977338172e-01
5.723989712452888234e-01 1.531986111384076310e-01
5.624488838057708495e-01 1.590780949921668519e-01
5.742034257250790974e-01 1.456145486209853845e-01
5.962120595216219288e-01 1.366672576911102110e-01
6.107356200005940039e-01 1.285504831735167219e-01
6.148639707198929605e-01 1.252030623781645868e-01
6.133652554104438437e-01 1.214731318113190239e-01
6.124638511179538725e-01 1.232772596915342189e-01
6.114978934989487858e-01 1.231196392864058603e-01
6.102820404780674446e-01 1.234257790802865268e-01
6.087802317619508408e-01 1.237339344155209825e-01
6.073223650289624187e-01 1.246601185702122666e-01
6.068856208579107570e-01 1.252397609118520994e-01
6.048331622138737318e-01 1.280251071544420138e-01
6.033390517252984475e-01 1.273496412657974530e-01
6.018238942953514359e-01 1.274060918952398813e-01
5.993362255905902991e-01 1.288246782941580570e-01
5.984776070768849099e-01 1.311600238187873857e-01
5.981820297546228682e-01 1.308267034109750204e-01
5.982831727023779633e-01 1.307104922548142922e-01
5.983836659533224855e-01 1.312186432170451833e-01
5.970637033646932768e-01 1.312724174830819657e-01
5.967855344124264327e-01 1.309260151927583160e-01
5.963040612395165141e-01 1.303727264939563701e-01
5.954777488015868814e-01 1.306637125163624680e-01
5.938964630344252260e-01 1.311096270842477263e-01
5.948366126953842370e-01 1.300237338599729009e-01
5.917185155457702628e-01 1.288996688242528554e-01
5.877555182630875841e-01 1.296945504832649476e-01
5.867495117486767331e-01 1.286599262909488561e-01
5.865821466656988559e-01 1.276153415327836438e-01
5.884203620391412759e-01 1.260535171229732743e-01
5.876418993281101733e-01 1.298668618832651278e-01
5.861378844722388015e-01 1.235685437181527485e-01
5.852474046635622873e-01 1.240755194500285097e-01
5.843587159054088875e-01 1.245814728874961169e-01
5.824002740971849779e-01 1.257980748641970292e-01
5.808521022028348968e-01 1.268824875543994868e-01
5.811423654553576901e-01 1.279075804095472779e-01
5.794206216128461318e-01 1.292452072877452729e-01
5.777027078401262283e-01 1.305030672555744786e-01
5.769466560575782221e-01 1.315435872709381504e-01
5.771929044913308715e-01 1.319424614543949770e-01
5.735795987517936512e-01 1.330224453570937049e-01
5.699287616623091024e-01 1.345458419270592898e-01
5.666197994246707781e-01 1.360890979946050849e-01
5.642283767474741696e-01 1.370888023767906083e-01
5.629854415904924636e-01 1.368124197026969469e-01
5.637681228735991201e-01 1.381097669384079851e-01
5.633230417308017213e-01 1.389655576271852377e-01
5.633247160361762873e-01 1.401430485667735371e-01
5.621806347296824935e-01 1.409379285274780791e-01
5.609048251703853127e-01 1.422839670016897706e-01
5.596355747790173751e-01 1.442526547036952489e-01
5.598582118718605782e-01 1.463639499247103015e-01
5.559286882949580066e-01 1.479437113867705100e-01
5.580166850981967963e-01 1.503028603708319033e-01
5.515380682746482410e-01 1.518792524348225592e-01
5.518119554834843843e-01 1.529462704922362193e-01
5.496307867905871891e-01 1.529362854904937064e-01
5.474244053371029040e-01 1.538720409237782638e-01
5.442579536060292433e-01 1.550998985734044489e-01
5.388644024725977033e-01 1.563063853449305762e-01
5.383306201384657763e-01 1.556401274505482546e-01
5.397098334852874491e-01 1.543206452220266534e-01
5.415087707720572796e-01 1.527470446152981998e-01
5.435385737492913760e-01 1.516414160811583589e-01
5.435404782202190033e-01 1.512988120882030607e-01
5.414700112471626525e-01 1.510049274113745565e-01
5.445176215677567377e-01 1.509678097895706117e-01
5.427279453921280972e-01 1.512269624393946521e-01
5.395938619283959792e-01 1.527478416681476714e-01
5.340066054952734564e-01 1.531796396436412855e-01
5.314088963076689653e-01 1.535398870456361475e-01
5.313183703049277895e-01 1.529068924031805610e-01
5.321936064430239366e-01 1.514261852871675029e-01
5.305452023021670627e-01 1.511055128887550947e-01
5.294027311489128973e-01 1.513431366060467020e-01
5.293152136618924919e-01 1.489315673720394972e-01
5.282174562806790652e-01 1.497107427711713568e-01
5.271202499107436878e-01 1.504896329312008507e-01
5.249251489427155803e-01 1.519366801596752081e-01
5.204802070620868637e-01 1.527536293532557599e-01
5.176754099546800880e-01 1.539932413557940916e-01
5.153619509028629642e-01 1.591238689040833654e-01
5.136400533528612256e-01 1.585042152549119010e-01
5.128669608295300941e-01 1.558571192540872952e-01
5.127847177019542180e-01 1.554098219176481555e-01
5.144700389602985258e-01 1.533239952560789821e-01
5.157689624687827878e-01 1.557293207546386338e-01
5.170704418133942326e-01 1.546436318231508011e-01
5.186960272976758324e-01 1.525066841452401845e-01
5.184658487066374777e-01 1.526613694138537203e-01
5.160952531802981413e-01 1.536984627971844097e-01
5.144095005814459665e-01 1.568224139837677278e-01
5.127299369650926142e-01 1.582989731150449275e-01
5.129242867742851431e-01 1.572374463144287637e-01
5.084816998282154499e-01 1.583676940064146499e-01
5.092739350780384200e-01 1.593364286396673213e-01
5.082682599160058823e-01 1.596407136999325460e-01
5.072576319867649897e-01 1.599464936190566622e-01
5.054497528307715370e-01 1.605647254455417061e-01
5.045448687920196518e-01 1.609812576086929459e-01
5.033880684906792968e-01 1.617282149643320399e-01
5.028607592969570605e-01 1.621317105546686010e-01
5.023340160797064025e-01 1.625347738063480652e-01
5.015386152979283141e-01 1.629028345187478188e-01
5.013507494310268653e-01 1.625631179522462333e-01
5.014521816363438633e-01 1.610637617504386832e-01
4.985218413871617127e-01 1.646778321109965137e-01
4.989162242516200774e-01 1.627540098758397669e-01
4.977526349494664215e-01 1.626298760630653650e-01
4.977075832682209544e-01 1.628868199868534483e-01
4.979639334509790016e-01 1.647820597345809601e-01
4.997467055748954223e-01 1.641853249554927618e-01
4.977251744971606384e-01 1.653362678420669529e-01
4.949304577878938516e-01 1.671843918052366706e-01
4.941576131970897290e-01 1.681848566392597777e-01
4.914081418825068659e-01 1.691168947525142907e-01
4.924040836179280345e-01 1.694883736806740426e-01
4.936386103000444114e-01 1.698552429911819317e-01
4.924890290154824157e-01 1.705666032016227851e-01
4.915015477838643454e-01 1.708808678138384884e-01
4.902630913905369758e-01 1.667900876633513774e-01
4.896852353677195735e-01 1.715742189728027833e-01
4.890558562393342301e-01 1.718040866539996547e-01
4.881075710846782267e-01 1.720667418108997593e-01
4.878019728874436467e-01 1.720778528038614530e-01
4.853902509763399209e-01 1.713765412836931734e-01
4.851831097558075290e-01 1.710030743182028024e-01
4.879350632953537437e-01 1.706163882106727370e-01
4.850746027170085295e-01 1.701643640794466006e-01
4.837699605084017085e-01 1.703175596083006949e-01
4.799086407968357615e-01 1.712734938353335790e-01
4.774635516347873199e-01 1.719445960954362196e-01
4.749816031529823235e-01 1.726258333284404478e-01
4.711028155833533182e-01 1.737300181015916101e-01
4.700827860128496960e-01 1.740892924566437572e-01
4.695431838565387594e-01 1.741607881443223427e-01
4.703373912679583713e-01 1.700037741913418832e-01
4.711249783788724055e-01 1.699416177605569955e-01
4.721792966047606566e-01 1.698335149138295586e-01
4.753043250658754437e-01 1.697804151964519281e-01
4.740909706129677881e-01 1.697123361134925956e-01
4.698061258382761340e-01 1.696809581821547841e-01
4.688652724298981167e-01 1.696494647367164654e-01
4.673457072702144055e-01 1.736134806093247995e-01
4.668237976660400967e-01 1.735504807435541696e-01
4.666327271968408463e-01 1.735118195202021152e-01
4.666855354488642083e-01 1.703998229043985346e-01
4.667383249667197420e-01 1.730969304237595097e-01
4.666108063561054675e-01 1.728242640236328231e-01
4.662137572030888855e-01 1.728465208664041464e-01
4.650302753120266752e-01 1.729012637373911476e-01
4.642860122777929810e-01 1.688134941203870976e-01
4.635370471038869344e-01 1.688646104112253576e-01
4.620037072561941627e-01 1.689685075771159006e-01
4.609608815111174152e-01 1.690392737031274351e-01
4.612065481931627575e-01 1.691682318205829927e-01
4.604800778475065526e-01 1.692389741813768167e-01
4.602553944800084063e-01 1.693103095348274523e-01
4.579376624593844980e-01 1.698902250232413036e-01
4.527663835302183637e-01 1.708603051257417960e-01
4.493810708229115658e-01 1.734588357195466779e-01
4.475010381861192488e-01 1.750402860696312346e-01
4.456264857123662382e-01 1.766184013573782186e-01
4.464076616429533129e-01 1.790311121797133476e-01
4.460364210338880753e-01 1.796537333164231476e-01
4.476749495423886227e-01 1.793000173029303257e-01
4.489615563663861830e-01 1.788046602775154037e-01
4.502398501397134045e-01 1.783119512584345756e-01
4.519271948622606838e-01 1.775374416539072242e-01
4.494987519581432056e-01 1.772948720584235360e-01
4.470852827986214195e-01 1.772680343195187358e-01
4.456523181323261418e-01 1.773396062776629589e-01
4.443970921849095812e-01 1.774116918520025621e-01
4.424019416258837545e-01 1.774215550692465060e-01
4.417855113930107547e-01 1.772464750949602486e-01
4.417689301835691640e-01 1.766590168634341318e-01
4.419899551355226386e-01 1.762826251331352789e-01
4.422236081741126590e-01 1.759049376920990837e-01
4.424458612044455674e-01 1.754633034677037795e-01
4.423203848896561374e-01 1.755922859343339304e-01
4.416725135811056524e-01 1.764597241781740156e-01
4.412328013702294105e-01 1.770631647469491921e-01
4.407925234404233006e-01 1.776673842827639904e-01
4.399155588449894516e-01 1.786752769687170173e-01
4.393378798055377343e-01 1.790765023191016048e-01
4.383179711416739233e-01 1.793866346700544734e-01
4.389212165727635617e-01 1.836461958809478823e-01
4.363331766306809967e-01 1.837390916237242600e-01
4.358858553105575129e-01 1.841253173506302854e-01
4.347489036882623559e-01 1.840669049748392128e-01
4.352301859834459274e-01 1.833877670462736587e-01
4.238491682004830730e-01 1.842562857345634297e-01
4.084420681514613349e-01 1.852056406893162199e-01
4.026700005465219112e-01 1.940265866814819551e-01
4.034713755191665085e-01 1.944621232318185511e-01
4.215697626810878118e-01 1.868745396680691340e-01
4.106976729119642400e-01 1.893212940588931137e-01
4.310880731543964006e-01 1.890849055867371009e-01
4.274163854294552034e-01 1.844063415975849274e-01
4.297519426181548585e-01 1.842677147691761386e-01
4.272540719312858393e-01 1.840883041632477291e-01
4.270859441411694046e-01 1.840046829524724925e-01
4.269172220698716491e-01 1.839208213980517148e-01
4.253942993155493402e-01 1.839465945817915504e-01
4.261422793437391610e-01 1.842262211233000602e-01
4.164751953816167584e-01 1.851430984195067408e-01
4.116952401653569127e-01 1.857427448276294801e-01
4.067874403686743690e-01 1.863582980767578556e-01
3.997834169844613483e-01 1.871378760651923323e-01
3.992661653565870994e-01 1.870023792559029063e-01
4.184608548169261866e-01 1.857811711902645213e-01
4.224488847847863715e-01 1.849360452630741947e-01
4.150642879095080562e-01 1.841078463189153580e-01
4.194873330861860761e-01 1.828366147874857239e-01
4.201598476449531216e-01 1.824564535550767808e-01
4.209715420660566920e-01 1.867359898028467802e-01
4.207769996177640470e-01 1.875481681472451201e-01
4.205825122629169299e-01 1.827252215307035854e-01
4.197556220215953315e-01 1.828960529726507134e-01
4.186137903839706187e-01 1.828714857595576948e-01
4.156512602874598561e-01 1.868790618109484325e-01
4.124394148639647373e-01 1.865815190327976270e-01
4.098447936345488984e-01 1.864180200900812379e-01
4.091969912439785695e-01 1.854981718356894238e-01
4.090561254012672343e-01 1.825855747429060427e-01
4.130797273536865322e-01 1.839335896929243375e-01
4.133862567368915553e-01 1.847850518842308887e-01
4.113656119992840643e-01 1.856273352639074559e-01
4.128458828493800081e-01 1.869227148379299652e-01
4.134455209860598557e-01 1.872923106532130288e-01
4.139530185968526843e-01 1.872273032807320048e-01
4.141099509723236149e-01 1.870402444565912314e-01
4.142669837372858210e-01 1.868530681462262089e-01
4.144034131999757009e-01 1.864968582911012140e-01
4.142566236985231742e-01 1.862837667330191627e-01
4.136359408091127565e-01 1.859388624160062120e-01
4.132235045519462302e-01 1.857593454081650219e-01
4.128095116905446949e-01 1.855791203483476981e-01
4.118005769960361717e-01 1.855119668874471439e-01
4.108884060544779060e-01 1.858622826766083425e-01
4.088933668618325301e-01 1.870875428473544044e-01
4.072796816644168039e-01 1.878802112082424702e-01
4.048111380245946744e-01 1.886773277630298951e-01
4.042993786897435271e-01 1.900653221452441866e-01
4.035126335930193653e-01 1.907026133033925819e-01
4.086562449914867279e-01 1.914028083708059214e-01
4.007567023957729346e-01 1.916890175292439158e-01
3.995292246099084177e-01 1.919758492433948360e-01
4.018769302579952574e-01 1.922948664128897867e-01
3.998379723524378981e-01 1.921656332367404907e-01
3.976977965546149019e-01 1.914255367902898686e-01
3.987583775784893647e-01 1.909209922036171903e-01
3.998149762551939657e-01 1.904185367902841430e-01
4.014369699729328778e-01 1.893535072311951506e-01
4.018748839134176909e-01 1.885558070976852685e-01
4.017303348458662882e-01 1.869863343894704322e-01
4.015022251125848762e-01 1.861009819746425598e-01
4.020495091413398003e-01 1.852090552628545550e-01
4.035664473938109231e-01 1.842723636238847440e-01
4.022428868834781457e-01 1.848022618718566656e-01
4.004598823712897104e-01 1.874899298411868143e-01
3.970641118593845609e-01 1.893088255325432456e-01
3.950840511422792911e-01 1.911290318103039121e-01
3.919270571556212612e-01 1.938471164663632118e-01
3.908172629396002851e-01 1.944243614388278807e-01
3.903277946486253258e-01 1.935939400348175021e-01
3.903789084248881491e-01 1.927458177625396285e-01
3.940558337051702220e-01 1.918912454035033854e-01
3.948082476570310972e-01 1.904825795040916425e-01
3.862231623923720880e-01 1.899642956037291275e-01
3.876243162042703472e-01 1.896799462757334243e-01
3.879539175494122749e-01 1.896616907446983247e-01
3.878410378757518595e-01 1.896434620466270204e-01
3.874966023627925416e-01 1.895352730892843618e-01
3.870531948826791413e-01 1.893668710776717501e-01
3.862638322048574380e-01 1.889185712828809205e-01
3.856630018940813698e-01 1.886430752777500386e-01
3.830678224737854021e-01 1.883654357370949661e-01
3.823118522583099366e-01 1.882058940531524394e-01
3.829985217832559408e-01 1.886356776348023234e-01
3.807668034683059366e-01 1.902061028591262581e-01
3.816633620926232484e-01 1.912206984528127263e-01
3.803812818329970202e-01 1.966388483546472055e-01
3.800057210061945079e-01 1.936314463790985152e-01
3.767611381753547817e-01 1.937314138358146587e-01
3.782071314508023696e-01 1.926718614108104133e-01
3.828463230324073430e-01 1.918422142568096955e-01
3.844517278861159237e-01 1.910151493020600943e-01
3.872540115189293530e-01 1.898373799601061895e-01
3.840217378986964247e-01 1.896805624114707156e-01
3.837941972414420921e-01 1.903408392713694108e-01
3.828105546412543525e-01 1.908980066802538067e-01
3.813033359460968330e-01 1.914575434069889504e-01
3.801775280296367243e-01 1.924152592865269462e-01
3.846989773239055665e-01 1.928311223280762265e-01
3.815672317880784425e-01 1.932366153269642894e-01
3.779130341424562500e-01 1.977434131891027957e-01
3.778797613453603876e-01 1.935331032422815400e-01
3.813991715041730735e-01 1.938312870012101896e-01
3.824622716679390577e-01 1.940317418520129678e-01
3.780809255088692922e-01 1.943931742968661169e-01
3.855104486493253768e-01 1.945899740159107438e-01
3.803529820774754766e-01 1.947876452450744422e-01
3.798500290958435888e-01 1.950607492564906953e-01
3.784604131339812105e-01 1.950769101166660857e-01
3.789108044658803243e-01 1.948546225982424884e-01
3.785878731231288041e-01 1.946807490994124368e-01
3.782583617407174748e-01 1.945060440822754255e-01
3.776873434459903089e-01 1.942355482937432598e-01
3.774931554261438671e-01 1.941631239018745680e-01
3.777373778835144691e-01 1.941968144797924234e-01
3.780111849479385056e-01 1.942493662566766865e-01
3.773921070754515661e-01 1.943019680405326244e-01
3.769091929563134213e-01 1.945217911278335488e-01
3.761177146620715006e-01 1.948218367042919563e-01
3.750100950438107206e-01 1.955932262008988898e-01
3.742036998633215816e-01 1.960634357543930284e-01
3.734981272128660157e-01 1.965373257463939316e-01
3.725843899223058586e-01 1.972565092825355193e-01
3.718584532726267322e-01 1.974190952861613613e-01
3.716978129778538698e-01 1.972302401938338945e-01
3.739720602782725667e-01 1.970284565567372859e-01
3.678662067602666008e-01 1.968275575822217016e-01
3.681258920056062478e-01 1.966169420823498659e-01
3.682022278117236258e-01 1.967287196448741227e-01
3.701897997521695349e-01 1.973020098179047999e-01
3.721349372472220751e-01 1.976887656138038019e-01
3.723106723968527265e-01 1.980741338281109543e-01
3.773170354954349381e-01 1.980242893079744992e-01
3.741679280339154090e-01 1.968953582585552253e-01
3.716868472321238070e-01 1.931877880110855206e-01
3.723060982481036230e-01 1.931637679008310904e-01
3.729331250138741560e-01 1.926806751333150491e-01
3.738756688885789270e-01 1.916726028054719366e-01
3.740640184458873252e-01 1.911767223977094421e-01
3.737296989120703627e-01 1.914694488600254263e-01
3.734087119776803854e-01 1.913211472718269746e-01
3.730884501362218830e-01 1.921324818340325868e-01
3.724886663518977015e-01 1.937542858856577677e-01
3.721421429603359865e-01 1.926384070560527295e-01
